{
 "cells": [
  {
   "cell_type": "markdown",
   "metadata": {},
   "source": [
    "<h1>Análisis exploratorio de Datos de Automoviles<h1>"
   ]
  },
  {
   "cell_type": "markdown",
   "metadata": {},
   "source": [
    "En primer lugar es necesario conocer: el tipo de atributos o campos por el cual estan compuesto los datos."
   ]
  },
  {
   "cell_type": "markdown",
   "metadata": {},
   "source": [
    "<h6>Importación de datos<h6>"
   ]
  },
  {
   "cell_type": "code",
   "execution_count": 1,
   "metadata": {},
   "outputs": [],
   "source": [
    "import pandas as pd"
   ]
  },
  {
   "cell_type": "code",
   "execution_count": 2,
   "metadata": {},
   "outputs": [
    {
     "data": {
      "text/html": [
       "<div>\n",
       "<style scoped>\n",
       "    .dataframe tbody tr th:only-of-type {\n",
       "        vertical-align: middle;\n",
       "    }\n",
       "\n",
       "    .dataframe tbody tr th {\n",
       "        vertical-align: top;\n",
       "    }\n",
       "\n",
       "    .dataframe thead th {\n",
       "        text-align: right;\n",
       "    }\n",
       "</style>\n",
       "<table border=\"1\" class=\"dataframe\">\n",
       "  <thead>\n",
       "    <tr style=\"text-align: right;\">\n",
       "      <th></th>\n",
       "      <th>symboling</th>\n",
       "      <th>normalized-losses</th>\n",
       "      <th>make</th>\n",
       "      <th>fuel-type</th>\n",
       "      <th>aspiration</th>\n",
       "      <th>num-of-doors</th>\n",
       "      <th>body-style</th>\n",
       "      <th>drive-wheels</th>\n",
       "      <th>engine-location</th>\n",
       "      <th>wheel-base</th>\n",
       "      <th>...</th>\n",
       "      <th>engine-size</th>\n",
       "      <th>fuel-system</th>\n",
       "      <th>bore</th>\n",
       "      <th>stroke</th>\n",
       "      <th>compression-ratio</th>\n",
       "      <th>horsepower</th>\n",
       "      <th>peak-rpm</th>\n",
       "      <th>city-mpg</th>\n",
       "      <th>highway-mpg</th>\n",
       "      <th>price</th>\n",
       "    </tr>\n",
       "  </thead>\n",
       "  <tbody>\n",
       "    <tr>\n",
       "      <th>0</th>\n",
       "      <td>3</td>\n",
       "      <td>?</td>\n",
       "      <td>alfa-romero</td>\n",
       "      <td>gas</td>\n",
       "      <td>std</td>\n",
       "      <td>two</td>\n",
       "      <td>convertible</td>\n",
       "      <td>rwd</td>\n",
       "      <td>front</td>\n",
       "      <td>88.6</td>\n",
       "      <td>...</td>\n",
       "      <td>130</td>\n",
       "      <td>mpfi</td>\n",
       "      <td>3.47</td>\n",
       "      <td>2.68</td>\n",
       "      <td>9.0</td>\n",
       "      <td>111</td>\n",
       "      <td>5000</td>\n",
       "      <td>21</td>\n",
       "      <td>27</td>\n",
       "      <td>13495</td>\n",
       "    </tr>\n",
       "    <tr>\n",
       "      <th>1</th>\n",
       "      <td>3</td>\n",
       "      <td>?</td>\n",
       "      <td>alfa-romero</td>\n",
       "      <td>gas</td>\n",
       "      <td>std</td>\n",
       "      <td>two</td>\n",
       "      <td>convertible</td>\n",
       "      <td>rwd</td>\n",
       "      <td>front</td>\n",
       "      <td>88.6</td>\n",
       "      <td>...</td>\n",
       "      <td>130</td>\n",
       "      <td>mpfi</td>\n",
       "      <td>3.47</td>\n",
       "      <td>2.68</td>\n",
       "      <td>9.0</td>\n",
       "      <td>111</td>\n",
       "      <td>5000</td>\n",
       "      <td>21</td>\n",
       "      <td>27</td>\n",
       "      <td>16500</td>\n",
       "    </tr>\n",
       "    <tr>\n",
       "      <th>2</th>\n",
       "      <td>1</td>\n",
       "      <td>?</td>\n",
       "      <td>alfa-romero</td>\n",
       "      <td>gas</td>\n",
       "      <td>std</td>\n",
       "      <td>two</td>\n",
       "      <td>hatchback</td>\n",
       "      <td>rwd</td>\n",
       "      <td>front</td>\n",
       "      <td>94.5</td>\n",
       "      <td>...</td>\n",
       "      <td>152</td>\n",
       "      <td>mpfi</td>\n",
       "      <td>2.68</td>\n",
       "      <td>3.47</td>\n",
       "      <td>9.0</td>\n",
       "      <td>154</td>\n",
       "      <td>5000</td>\n",
       "      <td>19</td>\n",
       "      <td>26</td>\n",
       "      <td>16500</td>\n",
       "    </tr>\n",
       "    <tr>\n",
       "      <th>3</th>\n",
       "      <td>2</td>\n",
       "      <td>164</td>\n",
       "      <td>audi</td>\n",
       "      <td>gas</td>\n",
       "      <td>std</td>\n",
       "      <td>four</td>\n",
       "      <td>sedan</td>\n",
       "      <td>fwd</td>\n",
       "      <td>front</td>\n",
       "      <td>99.8</td>\n",
       "      <td>...</td>\n",
       "      <td>109</td>\n",
       "      <td>mpfi</td>\n",
       "      <td>3.19</td>\n",
       "      <td>3.4</td>\n",
       "      <td>10.0</td>\n",
       "      <td>102</td>\n",
       "      <td>5500</td>\n",
       "      <td>24</td>\n",
       "      <td>30</td>\n",
       "      <td>13950</td>\n",
       "    </tr>\n",
       "    <tr>\n",
       "      <th>4</th>\n",
       "      <td>2</td>\n",
       "      <td>164</td>\n",
       "      <td>audi</td>\n",
       "      <td>gas</td>\n",
       "      <td>std</td>\n",
       "      <td>four</td>\n",
       "      <td>sedan</td>\n",
       "      <td>4wd</td>\n",
       "      <td>front</td>\n",
       "      <td>99.4</td>\n",
       "      <td>...</td>\n",
       "      <td>136</td>\n",
       "      <td>mpfi</td>\n",
       "      <td>3.19</td>\n",
       "      <td>3.4</td>\n",
       "      <td>8.0</td>\n",
       "      <td>115</td>\n",
       "      <td>5500</td>\n",
       "      <td>18</td>\n",
       "      <td>22</td>\n",
       "      <td>17450</td>\n",
       "    </tr>\n",
       "  </tbody>\n",
       "</table>\n",
       "<p>5 rows × 26 columns</p>\n",
       "</div>"
      ],
      "text/plain": [
       "   symboling normalized-losses         make fuel-type aspiration num-of-doors  \\\n",
       "0          3                 ?  alfa-romero       gas        std          two   \n",
       "1          3                 ?  alfa-romero       gas        std          two   \n",
       "2          1                 ?  alfa-romero       gas        std          two   \n",
       "3          2               164         audi       gas        std         four   \n",
       "4          2               164         audi       gas        std         four   \n",
       "\n",
       "    body-style drive-wheels engine-location  wheel-base  ...  engine-size  \\\n",
       "0  convertible          rwd           front        88.6  ...          130   \n",
       "1  convertible          rwd           front        88.6  ...          130   \n",
       "2    hatchback          rwd           front        94.5  ...          152   \n",
       "3        sedan          fwd           front        99.8  ...          109   \n",
       "4        sedan          4wd           front        99.4  ...          136   \n",
       "\n",
       "   fuel-system  bore  stroke compression-ratio horsepower  peak-rpm city-mpg  \\\n",
       "0         mpfi  3.47    2.68               9.0        111      5000       21   \n",
       "1         mpfi  3.47    2.68               9.0        111      5000       21   \n",
       "2         mpfi  2.68    3.47               9.0        154      5000       19   \n",
       "3         mpfi  3.19     3.4              10.0        102      5500       24   \n",
       "4         mpfi  3.19     3.4               8.0        115      5500       18   \n",
       "\n",
       "  highway-mpg  price  \n",
       "0          27  13495  \n",
       "1          27  16500  \n",
       "2          26  16500  \n",
       "3          30  13950  \n",
       "4          22  17450  \n",
       "\n",
       "[5 rows x 26 columns]"
      ]
     },
     "execution_count": 2,
     "metadata": {},
     "output_type": "execute_result"
    }
   ],
   "source": [
    "directorio = './Automobile_data.csv'\n",
    "carros = pd.read_csv(directorio)\n",
    "carros.head()"
   ]
  },
  {
   "cell_type": "code",
   "execution_count": 3,
   "metadata": {},
   "outputs": [
    {
     "name": "stdout",
     "output_type": "stream",
     "text": [
      "Número de filas:  205\n",
      "Número de columnas 26\n"
     ]
    }
   ],
   "source": [
    "print('Número de filas: ', carros.shape[0])\n",
    "print('Número de columnas', carros.shape[1])\n"
   ]
  },
  {
   "cell_type": "code",
   "execution_count": 4,
   "metadata": {},
   "outputs": [
    {
     "name": "stdout",
     "output_type": "stream",
     "text": [
      "Columnas:  ['symboling', 'normalized-losses', 'make', 'fuel-type', 'aspiration', 'num-of-doors', 'body-style', 'drive-wheels', 'engine-location', 'wheel-base', 'length', 'width', 'height', 'curb-weight', 'engine-type', 'num-of-cylinders', 'engine-size', 'fuel-system', 'bore', 'stroke', 'compression-ratio', 'horsepower', 'peak-rpm', 'city-mpg', 'highway-mpg', 'price']\n"
     ]
    }
   ],
   "source": [
    "print('Columnas: ', carros.columns.tolist())"
   ]
  },
  {
   "cell_type": "code",
   "execution_count": 5,
   "metadata": {},
   "outputs": [
    {
     "name": "stdout",
     "output_type": "stream",
     "text": [
      "Valores Faltantes:  0\n"
     ]
    },
    {
     "data": {
      "text/plain": [
       "' Se puede observar que indica no tener valores como NaN \\no NA, pero en realidad si existe valores faltantes solo que \\nestan con este simbolo: ? '"
      ]
     },
     "execution_count": 5,
     "metadata": {},
     "output_type": "execute_result"
    }
   ],
   "source": [
    "print('Valores Faltantes: ', carros.isnull().values.sum())\n",
    "\n",
    "\"\"\" Se puede observar que indica no tener valores como NaN \n",
    "o NA, pero en realidad si existe valores faltantes solo que \n",
    "estan con este simbolo: ? \"\"\""
   ]
  },
  {
   "cell_type": "code",
   "execution_count": 6,
   "metadata": {},
   "outputs": [
    {
     "name": "stdout",
     "output_type": "stream",
     "text": [
      "Valores unicos por campo:\n",
      " symboling              6\n",
      "normalized-losses     52\n",
      "make                  22\n",
      "fuel-type              2\n",
      "aspiration             2\n",
      "num-of-doors           3\n",
      "body-style             5\n",
      "drive-wheels           3\n",
      "engine-location        2\n",
      "wheel-base            53\n",
      "length                75\n",
      "width                 44\n",
      "height                49\n",
      "curb-weight          171\n",
      "engine-type            7\n",
      "num-of-cylinders       7\n",
      "engine-size           44\n",
      "fuel-system            8\n",
      "bore                  39\n",
      "stroke                37\n",
      "compression-ratio     32\n",
      "horsepower            60\n",
      "peak-rpm              24\n",
      "city-mpg              29\n",
      "highway-mpg           30\n",
      "price                187\n",
      "dtype: int64\n"
     ]
    }
   ],
   "source": [
    "print('Valores unicos por campo:\\n', carros.nunique())"
   ]
  },
  {
   "cell_type": "markdown",
   "metadata": {},
   "source": [
    "Explorando el tipo de variable que hay en el dataset"
   ]
  },
  {
   "cell_type": "code",
   "execution_count": 7,
   "metadata": {},
   "outputs": [
    {
     "data": {
      "text/plain": [
       "symboling              int64\n",
       "normalized-losses     object\n",
       "make                  object\n",
       "fuel-type             object\n",
       "aspiration            object\n",
       "num-of-doors          object\n",
       "body-style            object\n",
       "drive-wheels          object\n",
       "engine-location       object\n",
       "wheel-base           float64\n",
       "length               float64\n",
       "width                float64\n",
       "height               float64\n",
       "curb-weight            int64\n",
       "engine-type           object\n",
       "num-of-cylinders      object\n",
       "engine-size            int64\n",
       "fuel-system           object\n",
       "bore                  object\n",
       "stroke                object\n",
       "compression-ratio    float64\n",
       "horsepower            object\n",
       "peak-rpm              object\n",
       "city-mpg               int64\n",
       "highway-mpg            int64\n",
       "price                 object\n",
       "dtype: object"
      ]
     },
     "execution_count": 7,
     "metadata": {},
     "output_type": "execute_result"
    }
   ],
   "source": [
    "carros.dtypes"
   ]
  },
  {
   "cell_type": "markdown",
   "metadata": {},
   "source": [
    "<h6>Limpiando aquellos datos que contienen, valores faltantes: ?<h6>"
   ]
  },
  {
   "cell_type": "code",
   "execution_count": 8,
   "metadata": {},
   "outputs": [
    {
     "data": {
      "text/plain": [
       "0      111\n",
       "1      111\n",
       "2      154\n",
       "3      102\n",
       "4      115\n",
       "      ... \n",
       "200    114\n",
       "201    160\n",
       "202    134\n",
       "203    106\n",
       "204    114\n",
       "Name: horsepower, Length: 205, dtype: int32"
      ]
     },
     "execution_count": 8,
     "metadata": {},
     "output_type": "execute_result"
    }
   ],
   "source": [
    "#Limpiando el campo horsepower, que contiene ?, siendo estos datos faltantes se lo reemplazará por la \n",
    "# media de los datos\n",
    "\n",
    "horsepower = carros['horsepower'].loc[carros['horsepower'] != '?']\n",
    "\n",
    "promedio_caballoDeFuerza = horsepower.astype(str).astype(int).mean()\n",
    "\n",
    "carros['horsepower'] = carros['horsepower'].replace('?', promedio_caballoDeFuerza).astype(int)\n",
    "\n",
    "carros['horsepower']"
   ]
  },
  {
   "cell_type": "code",
   "execution_count": 9,
   "metadata": {},
   "outputs": [
    {
     "data": {
      "text/plain": [
       "55    ?\n",
       "56    ?\n",
       "57    ?\n",
       "58    ?\n",
       "Name: bore, dtype: object"
      ]
     },
     "execution_count": 9,
     "metadata": {},
     "output_type": "execute_result"
    }
   ],
   "source": [
    "carros['bore'].loc[carros['bore'] == '?']"
   ]
  },
  {
   "cell_type": "code",
   "execution_count": 10,
   "metadata": {},
   "outputs": [
    {
     "data": {
      "text/plain": [
       "0      3.47\n",
       "1      3.47\n",
       "2      2.68\n",
       "3      3.19\n",
       "4      3.19\n",
       "       ... \n",
       "200    3.78\n",
       "201    3.78\n",
       "202    3.58\n",
       "203    3.01\n",
       "204    3.78\n",
       "Name: bore, Length: 205, dtype: float64"
      ]
     },
     "execution_count": 10,
     "metadata": {},
     "output_type": "execute_result"
    }
   ],
   "source": [
    "#Limpiando el campo bore\n",
    "\n",
    "bore = carros['bore'].loc[carros['bore'] != '?']\n",
    "\n",
    "promedio_bore = horsepower.astype(str).astype(int).mean()\n",
    "\n",
    "carros['bore'] = pd.to_numeric(carros['bore'].replace('?', promedio_bore))\n",
    "\n",
    "carros['bore']"
   ]
  },
  {
   "cell_type": "code",
   "execution_count": 11,
   "metadata": {},
   "outputs": [
    {
     "data": {
      "text/plain": [
       "55    ?\n",
       "56    ?\n",
       "57    ?\n",
       "58    ?\n",
       "Name: stroke, dtype: object"
      ]
     },
     "execution_count": 11,
     "metadata": {},
     "output_type": "execute_result"
    }
   ],
   "source": [
    "carros['stroke'].loc[carros['stroke'] == '?']"
   ]
  },
  {
   "cell_type": "code",
   "execution_count": 12,
   "metadata": {},
   "outputs": [
    {
     "data": {
      "text/plain": [
       "0      2.68\n",
       "1      2.68\n",
       "2      3.47\n",
       "3      3.40\n",
       "4      3.40\n",
       "       ... \n",
       "200    3.15\n",
       "201    3.15\n",
       "202    2.87\n",
       "203    3.40\n",
       "204    3.15\n",
       "Name: stroke, Length: 205, dtype: float64"
      ]
     },
     "execution_count": 12,
     "metadata": {},
     "output_type": "execute_result"
    }
   ],
   "source": [
    "#Limpiando el campo stroke\n",
    "\n",
    "stroke = carros['stroke'].loc[carros['stroke'] != '?']\n",
    "\n",
    "promedio_stroke = horsepower.astype(str).astype(int).mean()\n",
    "\n",
    "carros['stroke'] = pd.to_numeric(carros['stroke'].replace('?', promedio_stroke))\n",
    "\n",
    "carros['stroke']"
   ]
  },
  {
   "cell_type": "code",
   "execution_count": 13,
   "metadata": {},
   "outputs": [
    {
     "data": {
      "text/plain": [
       "0      13495\n",
       "1      16500\n",
       "2      16500\n",
       "3      13950\n",
       "4      17450\n",
       "       ...  \n",
       "200    16845\n",
       "201    19045\n",
       "202    21485\n",
       "203    22470\n",
       "204    22625\n",
       "Name: price, Length: 205, dtype: int32"
      ]
     },
     "execution_count": 13,
     "metadata": {},
     "output_type": "execute_result"
    }
   ],
   "source": [
    "#Limpiando el campo price\n",
    "\n",
    "price = carros['price'].loc[carros['price'] != '?']\n",
    "\n",
    "promedio_price = horsepower.astype(str).astype(int).mean()\n",
    "\n",
    "carros['price'] = carros['price'].replace('?', promedio_price).astype(int)\n",
    "\n",
    "carros['price']"
   ]
  },
  {
   "cell_type": "markdown",
   "metadata": {},
   "source": [
    "<h3>Analizando algunas variables mediante visualización<h3>"
   ]
  },
  {
   "cell_type": "code",
   "execution_count": 14,
   "metadata": {},
   "outputs": [],
   "source": [
    "import seaborn as sns"
   ]
  },
  {
   "cell_type": "code",
   "execution_count": 15,
   "metadata": {},
   "outputs": [
    {
     "data": {
      "text/html": [
       "<div>\n",
       "<style scoped>\n",
       "    .dataframe tbody tr th:only-of-type {\n",
       "        vertical-align: middle;\n",
       "    }\n",
       "\n",
       "    .dataframe tbody tr th {\n",
       "        vertical-align: top;\n",
       "    }\n",
       "\n",
       "    .dataframe thead th {\n",
       "        text-align: right;\n",
       "    }\n",
       "</style>\n",
       "<table border=\"1\" class=\"dataframe\">\n",
       "  <thead>\n",
       "    <tr style=\"text-align: right;\">\n",
       "      <th></th>\n",
       "      <th>symboling</th>\n",
       "      <th>wheel-base</th>\n",
       "      <th>length</th>\n",
       "      <th>width</th>\n",
       "      <th>height</th>\n",
       "      <th>curb-weight</th>\n",
       "      <th>engine-size</th>\n",
       "      <th>bore</th>\n",
       "      <th>stroke</th>\n",
       "      <th>compression-ratio</th>\n",
       "      <th>horsepower</th>\n",
       "      <th>city-mpg</th>\n",
       "      <th>highway-mpg</th>\n",
       "      <th>price</th>\n",
       "    </tr>\n",
       "  </thead>\n",
       "  <tbody>\n",
       "    <tr>\n",
       "      <th>symboling</th>\n",
       "      <td>1.000000</td>\n",
       "      <td>-0.531954</td>\n",
       "      <td>-0.357612</td>\n",
       "      <td>-0.232919</td>\n",
       "      <td>-0.541038</td>\n",
       "      <td>-0.227691</td>\n",
       "      <td>-0.105790</td>\n",
       "      <td>0.243387</td>\n",
       "      <td>0.245694</td>\n",
       "      <td>-0.178515</td>\n",
       "      <td>0.071380</td>\n",
       "      <td>-0.035823</td>\n",
       "      <td>0.034606</td>\n",
       "      <td>-0.071558</td>\n",
       "    </tr>\n",
       "    <tr>\n",
       "      <th>wheel-base</th>\n",
       "      <td>-0.531954</td>\n",
       "      <td>1.000000</td>\n",
       "      <td>0.874587</td>\n",
       "      <td>0.795144</td>\n",
       "      <td>0.589435</td>\n",
       "      <td>0.776386</td>\n",
       "      <td>0.569329</td>\n",
       "      <td>-0.071701</td>\n",
       "      <td>-0.077550</td>\n",
       "      <td>0.249786</td>\n",
       "      <td>0.351985</td>\n",
       "      <td>-0.470414</td>\n",
       "      <td>-0.544082</td>\n",
       "      <td>0.578952</td>\n",
       "    </tr>\n",
       "    <tr>\n",
       "      <th>length</th>\n",
       "      <td>-0.357612</td>\n",
       "      <td>0.874587</td>\n",
       "      <td>1.000000</td>\n",
       "      <td>0.841118</td>\n",
       "      <td>0.491029</td>\n",
       "      <td>0.877728</td>\n",
       "      <td>0.683360</td>\n",
       "      <td>-0.046130</td>\n",
       "      <td>-0.054962</td>\n",
       "      <td>0.158414</td>\n",
       "      <td>0.554408</td>\n",
       "      <td>-0.670909</td>\n",
       "      <td>-0.704662</td>\n",
       "      <td>0.685139</td>\n",
       "    </tr>\n",
       "    <tr>\n",
       "      <th>width</th>\n",
       "      <td>-0.232919</td>\n",
       "      <td>0.795144</td>\n",
       "      <td>0.841118</td>\n",
       "      <td>1.000000</td>\n",
       "      <td>0.279210</td>\n",
       "      <td>0.867032</td>\n",
       "      <td>0.735433</td>\n",
       "      <td>-0.002876</td>\n",
       "      <td>-0.009600</td>\n",
       "      <td>0.181129</td>\n",
       "      <td>0.642176</td>\n",
       "      <td>-0.642704</td>\n",
       "      <td>-0.677218</td>\n",
       "      <td>0.696046</td>\n",
       "    </tr>\n",
       "    <tr>\n",
       "      <th>height</th>\n",
       "      <td>-0.541038</td>\n",
       "      <td>0.589435</td>\n",
       "      <td>0.491029</td>\n",
       "      <td>0.279210</td>\n",
       "      <td>1.000000</td>\n",
       "      <td>0.295572</td>\n",
       "      <td>0.067149</td>\n",
       "      <td>-0.235364</td>\n",
       "      <td>-0.239899</td>\n",
       "      <td>0.261214</td>\n",
       "      <td>-0.110114</td>\n",
       "      <td>-0.048640</td>\n",
       "      <td>-0.107358</td>\n",
       "      <td>0.158283</td>\n",
       "    </tr>\n",
       "    <tr>\n",
       "      <th>curb-weight</th>\n",
       "      <td>-0.227691</td>\n",
       "      <td>0.776386</td>\n",
       "      <td>0.877728</td>\n",
       "      <td>0.867032</td>\n",
       "      <td>0.295572</td>\n",
       "      <td>1.000000</td>\n",
       "      <td>0.850594</td>\n",
       "      <td>-0.026640</td>\n",
       "      <td>-0.035407</td>\n",
       "      <td>0.151362</td>\n",
       "      <td>0.750973</td>\n",
       "      <td>-0.757414</td>\n",
       "      <td>-0.797465</td>\n",
       "      <td>0.800093</td>\n",
       "    </tr>\n",
       "    <tr>\n",
       "      <th>engine-size</th>\n",
       "      <td>-0.105790</td>\n",
       "      <td>0.569329</td>\n",
       "      <td>0.683360</td>\n",
       "      <td>0.735433</td>\n",
       "      <td>0.067149</td>\n",
       "      <td>0.850594</td>\n",
       "      <td>1.000000</td>\n",
       "      <td>-0.173430</td>\n",
       "      <td>-0.180169</td>\n",
       "      <td>0.028971</td>\n",
       "      <td>0.810705</td>\n",
       "      <td>-0.653658</td>\n",
       "      <td>-0.677470</td>\n",
       "      <td>0.838445</td>\n",
       "    </tr>\n",
       "    <tr>\n",
       "      <th>bore</th>\n",
       "      <td>0.243387</td>\n",
       "      <td>-0.071701</td>\n",
       "      <td>-0.046130</td>\n",
       "      <td>-0.002876</td>\n",
       "      <td>-0.235364</td>\n",
       "      <td>-0.026640</td>\n",
       "      <td>-0.173430</td>\n",
       "      <td>1.000000</td>\n",
       "      <td>0.999538</td>\n",
       "      <td>-0.026331</td>\n",
       "      <td>0.029910</td>\n",
       "      <td>-0.194353</td>\n",
       "      <td>-0.170502</td>\n",
       "      <td>0.011344</td>\n",
       "    </tr>\n",
       "    <tr>\n",
       "      <th>stroke</th>\n",
       "      <td>0.245694</td>\n",
       "      <td>-0.077550</td>\n",
       "      <td>-0.054962</td>\n",
       "      <td>-0.009600</td>\n",
       "      <td>-0.239899</td>\n",
       "      <td>-0.035407</td>\n",
       "      <td>-0.180169</td>\n",
       "      <td>0.999538</td>\n",
       "      <td>1.000000</td>\n",
       "      <td>-0.022263</td>\n",
       "      <td>0.020742</td>\n",
       "      <td>-0.183975</td>\n",
       "      <td>-0.160117</td>\n",
       "      <td>0.003156</td>\n",
       "    </tr>\n",
       "    <tr>\n",
       "      <th>compression-ratio</th>\n",
       "      <td>-0.178515</td>\n",
       "      <td>0.249786</td>\n",
       "      <td>0.158414</td>\n",
       "      <td>0.181129</td>\n",
       "      <td>0.261214</td>\n",
       "      <td>0.151362</td>\n",
       "      <td>0.028971</td>\n",
       "      <td>-0.026331</td>\n",
       "      <td>-0.022263</td>\n",
       "      <td>1.000000</td>\n",
       "      <td>-0.205717</td>\n",
       "      <td>0.324701</td>\n",
       "      <td>0.265201</td>\n",
       "      <td>0.077921</td>\n",
       "    </tr>\n",
       "    <tr>\n",
       "      <th>horsepower</th>\n",
       "      <td>0.071380</td>\n",
       "      <td>0.351985</td>\n",
       "      <td>0.554408</td>\n",
       "      <td>0.642176</td>\n",
       "      <td>-0.110114</td>\n",
       "      <td>0.750973</td>\n",
       "      <td>0.810705</td>\n",
       "      <td>0.029910</td>\n",
       "      <td>0.020742</td>\n",
       "      <td>-0.205717</td>\n",
       "      <td>1.000000</td>\n",
       "      <td>-0.803140</td>\n",
       "      <td>-0.770905</td>\n",
       "      <td>0.704104</td>\n",
       "    </tr>\n",
       "    <tr>\n",
       "      <th>city-mpg</th>\n",
       "      <td>-0.035823</td>\n",
       "      <td>-0.470414</td>\n",
       "      <td>-0.670909</td>\n",
       "      <td>-0.642704</td>\n",
       "      <td>-0.048640</td>\n",
       "      <td>-0.757414</td>\n",
       "      <td>-0.653658</td>\n",
       "      <td>-0.194353</td>\n",
       "      <td>-0.183975</td>\n",
       "      <td>0.324701</td>\n",
       "      <td>-0.803140</td>\n",
       "      <td>1.000000</td>\n",
       "      <td>0.971337</td>\n",
       "      <td>-0.660214</td>\n",
       "    </tr>\n",
       "    <tr>\n",
       "      <th>highway-mpg</th>\n",
       "      <td>0.034606</td>\n",
       "      <td>-0.544082</td>\n",
       "      <td>-0.704662</td>\n",
       "      <td>-0.677218</td>\n",
       "      <td>-0.107358</td>\n",
       "      <td>-0.797465</td>\n",
       "      <td>-0.677470</td>\n",
       "      <td>-0.170502</td>\n",
       "      <td>-0.160117</td>\n",
       "      <td>0.265201</td>\n",
       "      <td>-0.770905</td>\n",
       "      <td>0.971337</td>\n",
       "      <td>1.000000</td>\n",
       "      <td>-0.687833</td>\n",
       "    </tr>\n",
       "    <tr>\n",
       "      <th>price</th>\n",
       "      <td>-0.071558</td>\n",
       "      <td>0.578952</td>\n",
       "      <td>0.685139</td>\n",
       "      <td>0.696046</td>\n",
       "      <td>0.158283</td>\n",
       "      <td>0.800093</td>\n",
       "      <td>0.838445</td>\n",
       "      <td>0.011344</td>\n",
       "      <td>0.003156</td>\n",
       "      <td>0.077921</td>\n",
       "      <td>0.704104</td>\n",
       "      <td>-0.660214</td>\n",
       "      <td>-0.687833</td>\n",
       "      <td>1.000000</td>\n",
       "    </tr>\n",
       "  </tbody>\n",
       "</table>\n",
       "</div>"
      ],
      "text/plain": [
       "                   symboling  wheel-base    length     width    height  \\\n",
       "symboling           1.000000   -0.531954 -0.357612 -0.232919 -0.541038   \n",
       "wheel-base         -0.531954    1.000000  0.874587  0.795144  0.589435   \n",
       "length             -0.357612    0.874587  1.000000  0.841118  0.491029   \n",
       "width              -0.232919    0.795144  0.841118  1.000000  0.279210   \n",
       "height             -0.541038    0.589435  0.491029  0.279210  1.000000   \n",
       "curb-weight        -0.227691    0.776386  0.877728  0.867032  0.295572   \n",
       "engine-size        -0.105790    0.569329  0.683360  0.735433  0.067149   \n",
       "bore                0.243387   -0.071701 -0.046130 -0.002876 -0.235364   \n",
       "stroke              0.245694   -0.077550 -0.054962 -0.009600 -0.239899   \n",
       "compression-ratio  -0.178515    0.249786  0.158414  0.181129  0.261214   \n",
       "horsepower          0.071380    0.351985  0.554408  0.642176 -0.110114   \n",
       "city-mpg           -0.035823   -0.470414 -0.670909 -0.642704 -0.048640   \n",
       "highway-mpg         0.034606   -0.544082 -0.704662 -0.677218 -0.107358   \n",
       "price              -0.071558    0.578952  0.685139  0.696046  0.158283   \n",
       "\n",
       "                   curb-weight  engine-size      bore    stroke  \\\n",
       "symboling            -0.227691    -0.105790  0.243387  0.245694   \n",
       "wheel-base            0.776386     0.569329 -0.071701 -0.077550   \n",
       "length                0.877728     0.683360 -0.046130 -0.054962   \n",
       "width                 0.867032     0.735433 -0.002876 -0.009600   \n",
       "height                0.295572     0.067149 -0.235364 -0.239899   \n",
       "curb-weight           1.000000     0.850594 -0.026640 -0.035407   \n",
       "engine-size           0.850594     1.000000 -0.173430 -0.180169   \n",
       "bore                 -0.026640    -0.173430  1.000000  0.999538   \n",
       "stroke               -0.035407    -0.180169  0.999538  1.000000   \n",
       "compression-ratio     0.151362     0.028971 -0.026331 -0.022263   \n",
       "horsepower            0.750973     0.810705  0.029910  0.020742   \n",
       "city-mpg             -0.757414    -0.653658 -0.194353 -0.183975   \n",
       "highway-mpg          -0.797465    -0.677470 -0.170502 -0.160117   \n",
       "price                 0.800093     0.838445  0.011344  0.003156   \n",
       "\n",
       "                   compression-ratio  horsepower  city-mpg  highway-mpg  \\\n",
       "symboling                  -0.178515    0.071380 -0.035823     0.034606   \n",
       "wheel-base                  0.249786    0.351985 -0.470414    -0.544082   \n",
       "length                      0.158414    0.554408 -0.670909    -0.704662   \n",
       "width                       0.181129    0.642176 -0.642704    -0.677218   \n",
       "height                      0.261214   -0.110114 -0.048640    -0.107358   \n",
       "curb-weight                 0.151362    0.750973 -0.757414    -0.797465   \n",
       "engine-size                 0.028971    0.810705 -0.653658    -0.677470   \n",
       "bore                       -0.026331    0.029910 -0.194353    -0.170502   \n",
       "stroke                     -0.022263    0.020742 -0.183975    -0.160117   \n",
       "compression-ratio           1.000000   -0.205717  0.324701     0.265201   \n",
       "horsepower                 -0.205717    1.000000 -0.803140    -0.770905   \n",
       "city-mpg                    0.324701   -0.803140  1.000000     0.971337   \n",
       "highway-mpg                 0.265201   -0.770905  0.971337     1.000000   \n",
       "price                       0.077921    0.704104 -0.660214    -0.687833   \n",
       "\n",
       "                      price  \n",
       "symboling         -0.071558  \n",
       "wheel-base         0.578952  \n",
       "length             0.685139  \n",
       "width              0.696046  \n",
       "height             0.158283  \n",
       "curb-weight        0.800093  \n",
       "engine-size        0.838445  \n",
       "bore               0.011344  \n",
       "stroke             0.003156  \n",
       "compression-ratio  0.077921  \n",
       "horsepower         0.704104  \n",
       "city-mpg          -0.660214  \n",
       "highway-mpg       -0.687833  \n",
       "price              1.000000  "
      ]
     },
     "execution_count": 15,
     "metadata": {},
     "output_type": "execute_result"
    }
   ],
   "source": [
    "carros.corr()"
   ]
  },
  {
   "cell_type": "markdown",
   "metadata": {},
   "source": [
    "La correlación entre las siguientes columnas: diámetro interior, carrera, relación de compresión y potencia, pueden resultar ser más informativas."
   ]
  },
  {
   "cell_type": "code",
   "execution_count": 16,
   "metadata": {},
   "outputs": [
    {
     "data": {
      "text/html": [
       "<div>\n",
       "<style scoped>\n",
       "    .dataframe tbody tr th:only-of-type {\n",
       "        vertical-align: middle;\n",
       "    }\n",
       "\n",
       "    .dataframe tbody tr th {\n",
       "        vertical-align: top;\n",
       "    }\n",
       "\n",
       "    .dataframe thead th {\n",
       "        text-align: right;\n",
       "    }\n",
       "</style>\n",
       "<table border=\"1\" class=\"dataframe\">\n",
       "  <thead>\n",
       "    <tr style=\"text-align: right;\">\n",
       "      <th></th>\n",
       "      <th>bore</th>\n",
       "      <th>stroke</th>\n",
       "      <th>compression-ratio</th>\n",
       "      <th>horsepower</th>\n",
       "      <th>price</th>\n",
       "    </tr>\n",
       "  </thead>\n",
       "  <tbody>\n",
       "    <tr>\n",
       "      <th>bore</th>\n",
       "      <td>1.000000</td>\n",
       "      <td>0.999538</td>\n",
       "      <td>-0.026331</td>\n",
       "      <td>0.029910</td>\n",
       "      <td>0.011344</td>\n",
       "    </tr>\n",
       "    <tr>\n",
       "      <th>stroke</th>\n",
       "      <td>0.999538</td>\n",
       "      <td>1.000000</td>\n",
       "      <td>-0.022263</td>\n",
       "      <td>0.020742</td>\n",
       "      <td>0.003156</td>\n",
       "    </tr>\n",
       "    <tr>\n",
       "      <th>compression-ratio</th>\n",
       "      <td>-0.026331</td>\n",
       "      <td>-0.022263</td>\n",
       "      <td>1.000000</td>\n",
       "      <td>-0.205717</td>\n",
       "      <td>0.077921</td>\n",
       "    </tr>\n",
       "    <tr>\n",
       "      <th>horsepower</th>\n",
       "      <td>0.029910</td>\n",
       "      <td>0.020742</td>\n",
       "      <td>-0.205717</td>\n",
       "      <td>1.000000</td>\n",
       "      <td>0.704104</td>\n",
       "    </tr>\n",
       "    <tr>\n",
       "      <th>price</th>\n",
       "      <td>0.011344</td>\n",
       "      <td>0.003156</td>\n",
       "      <td>0.077921</td>\n",
       "      <td>0.704104</td>\n",
       "      <td>1.000000</td>\n",
       "    </tr>\n",
       "  </tbody>\n",
       "</table>\n",
       "</div>"
      ],
      "text/plain": [
       "                       bore    stroke  compression-ratio  horsepower     price\n",
       "bore               1.000000  0.999538          -0.026331    0.029910  0.011344\n",
       "stroke             0.999538  1.000000          -0.022263    0.020742  0.003156\n",
       "compression-ratio -0.026331 -0.022263           1.000000   -0.205717  0.077921\n",
       "horsepower         0.029910  0.020742          -0.205717    1.000000  0.704104\n",
       "price              0.011344  0.003156           0.077921    0.704104  1.000000"
      ]
     },
     "execution_count": 16,
     "metadata": {},
     "output_type": "execute_result"
    }
   ],
   "source": [
    "carros[['bore', 'stroke', 'compression-ratio', 'horsepower', 'price']].corr() "
   ]
  },
  {
   "cell_type": "markdown",
   "metadata": {},
   "source": [
    "Existe una correlación alta psitiva entre bore y stroke, una correlacion positiva moderada entre horsepower y price, y la relación entre las demás es muy baja."
   ]
  },
  {
   "cell_type": "markdown",
   "metadata": {},
   "source": [
    "<h3>Diagrama de dispersión<h3>"
   ]
  },
  {
   "cell_type": "markdown",
   "metadata": {},
   "source": [
    "*Diagrama de dispersión de \"engine-size\" and \"price\"*"
   ]
  },
  {
   "cell_type": "code",
   "execution_count": 17,
   "metadata": {},
   "outputs": [
    {
     "data": {
      "text/plain": [
       "<AxesSubplot:xlabel='engine-size', ylabel='price'>"
      ]
     },
     "execution_count": 17,
     "metadata": {},
     "output_type": "execute_result"
    },
    {
     "data": {
